0 9
0 1
1 993
1 661
1 568
1 462
1 424
1 91
1 4
1 363
1 479
1 450
1 276
1 16
1 148
1 2
1 26
1 22
1 39
1 10
1 49
1 29
1 63
1 934
1 499
1 6
1 273
1 41
1 70
1 72
2 908
2 122
2 401
2 3
2 596
2 16
2 4
2 515
2 109
2 113
2 208
2 864
2 255
2 28
2 394
2 17
2 336
2 350
2 532
2 10
2 358
3 89
3 914
3 147
3 162
3 133
3 267
3 79
3 232
3 55
3 16
3 770
3 28
3 289
3 903
3 218
3 213
3 109
3 227
3 338
3 599
3 6
3 773
3 373
3 4
3 417
3 600
3 58
3 766
3 848
4 987
4 976
4 946
4 560
4 908
4 194
4 842
4 841
4 816
4 738
4 200
4 185
4 126
4 42
4 88
4 66
4 420
4 17
4 46
4 154
4 36
4 38
4 970
4 208
4 444
4 5
4 16
4 134
4 20
4 108
4 21
4 71
4 189
4 13
4 53
4 24
4 319
4 28
4 15
4 933
4 298
4 318
4 445
4 25
4 216
4 242
4 263
4 322
4 276
4 23
4 277
4 32
4 286
4 287
4 295
4 472
4 186
4 313
4 601
4 220
4 347
4 119
4 373
4 101
4 609
4 457
4 467
4 625
4 638
5 1004
5 987
5 939
5 922
5 949
5 890
5 57
5 265
5 489
5 739
5 267
5 459
5 10
5 374
5 770
5 62
5 446
5 33
5 323
5 49
5 85
5 24
5 82
5 345
5 227
5 21
5 195
5 8
5 95
5 38
5 742
5 270
5 12
5 186
5 124
5 65
5 183
5 6
5 238
5 106
5 13
5 131
5 225
5 232
5 558
5 263
5 99
5 40
6 36
6 964
6 918
6 522
6 511
6 398
6 714
6 665
6 695
6 42
6 576
6 608
6 18
6 620
6 561
6 548
6 500
6 499
6 827
6 768
6 59
6 63
6 54
6 379
6 25
6 661
6 12
6 99
6 658
6 186
6 69
6 10
6 31
6 833
6 7
6 536
6 123
6 978
6 34
6 152
6 43
6 116
6 203
6 491
6 19
6 137
6 13
6 711
6 35
6 94
6 153
6 258
6 147
6 265
7 907
7 8
7 333
7 359
7 15
7 21
7 340
7 68
7 345
7 657
7 615
7 695
7 144
8 467
8 33
8 15
8 93
8 9
8 183
8 333
8 570
8 13
8 245
8 956
8 927
8 753
8 877
9 786
9 992
9 98
9 40
9 11
9 12
9 144
9 60
9 67
9 117
9 45
9 930
9 104
9 245
9 259
9 56
9 57
9 470
9 644
9 525
9 931
9 577
9 123
9 10
9 777
9 21
9 788
9 798
9 750
10 910
10 615
10 790
10 729
10 968
10 673
10 664
10 145
10 514
10 311
10 488
10 451
10 391
10 801
10 34
10 29
10 58
10 40
10 14
10 188
10 414
10 48
10 432
10 19
10 280
10 22
10 846
10 374
10 138
10 104
10 45
10 151
10 416
10 121
10 180
10 49
10 59
10 177
10 26
10 144
10 182
10 205
10 346
10 358
11 1005
11 869
11 750
11 236
11 529
11 197
11 125
11 792
11 863
11 22
11 12
11 311
11 246
11 14
11 639
11 378
11 47
11 44
11 73
11 936
11 385
11 655
11 626
11 452
11 75
11 140
12 990
12 175
12 254
12 18
12 962
12 73
12 247
12 542
12 181
12 128
12 114
12 704
12 100
12 359
12 304
12 363
12 43
12 102
12 40
12 99
12 63
12 571
12 25
12 31
12 172
12 680
12 325
12 59
12 52
12 60
12 82
12 121
12 652
12 195
12 449
12 125
12 90
12 471
12 494
12 789
12 504
12 563
12 14
12 522
12 528
12 352
12 606
12 153
12 407
12 661
12 868
12 663
12 282
12 874
12 972
12 983
13 799
13 460
13 444
13 357
13 290
13 206
13 200
13 15
13 160
13 854
13 71
13 156
13 23
13 101
13 308
13 134
13 53
13 66
13 28
13 85
13 282
13 137
13 294
13 120
13 847
14 748
14 594
14 297
14 212
14 121
14 634
14 83
14 592
14 51
14 29
14 165
14 49
14 307
14 75
14 18
14 47
14 44
14 73
14 48
14 56
15 206
15 93
15 92
15 64
15 32
15 21
16 963
16 858
16 852
16 703
16 241
16 103
16 93
16 583
16 530
16 58
16 86
16 27
16 61
16 30
16 697
16 17
16 191
16 122
16 33
16 660
16 257
16 260
16 24
16 401
16 271
16 96
16 273
16 685
16 167
16 49
17 955
17 560
17 916
17 838
17 820
17 445
17 40
17 276
17 699
17 668
17 628
17 515
17 457
17 24
17 406
17 580
17 167
17 191
17 113
17 776
17 127
17 69
17 797
17 207
17 58
17 865
17 806
17 157
17 126
17 244
17 317
17 538
17 184
17 921
17 508
17 213
17 919
17 329
17 119
17 646
17 292
17 198
17 686
17 96
17 37
17 356
17 284
17 342
17 310
17 79
17 315
17 27
17 86
18 892
18 654
18 561
18 511
18 769
18 73
18 372
18 75
18 274
18 129
18 114
18 172
18 173
18 195
18 50
18 377
18 935
18 529
18 384
19 25
19 801
19 664
19 631
19 264
19 524
19 29
19 43
19 130
19 139
19 346
19 230
19 911
19 99
19 128
19 388
20 970
20 575
20 109
20 194
20 409
20 115
20 537
21 938
21 794
21 566
21 756
21 120
21 942
21 706
21 693
21 586
21 549
21 455
21 92
21 95
21 124
21 65
21 82
21 256
21 159
21 517
21 222
21 233
21 144
21 85
21 283
21 428
21 303
21 895
21 305
21 364
21 393
21 408
21 64
21 418
21 68
21 186
21 493
22 904
22 793
22 41
22 249
22 462
22 375
22 47
22 177
22 731
22 470
22 151
22 182
22 166
22 50
22 311
23 799
23 71
23 712
23 120
23 224
23 455
23 156
24 694
24 973
24 857
24 820
24 817
24 791
24 774
24 751
24 690
24 662
24 118
24 146
24 441
24 733
24 143
24 25
24 141
24 257
24 431
24 77
24 46
24 37
24 588
24 108
24 35
24 330
24 216
24 157
24 331
24 110
24 169
24 406
24 32
24 612
24 244
24 126
24 474
25 964
25 135
25 367
25 662
25 261
25 754
25 42
25 535
25 36
25 118
25 295
25 35
25 220
25 248
25 71
25 911
25 44
25 694
25 56
25 710
25 737
25 855
25 747
25 359
25 896
26 63
26 398
27 686
27 616
27 276
27 531
27 415
27 361
27 30
27 199
27 969
27 157
27 369
27 79
27 174
27 342
27 226
27 32
27 184
27 93
27 219
27 167
28 255
28 194
28 122
28 115
28 507
28 66
28 289
29 968
29 905
29 158
29 35
29 74
29 279
29 43
29 52
29 371
29 39
29 49
29 745
29 327
29 995
29 464
29 485
29 121
29 635
29 867
29 636
29 1001
29 647
29 685
29 803
29 36
29 811
29 196
29 845
29 350
30 498
30 93
30 184
31 740
31 380
31 206
31 684
31 116
31 130
31 265
31 977
31 281
31 648
31 453
31 540
31 918
31 483
31 442
31 152
31 94
31 666
32 774
32 588
32 850
32 174
32 154
32 88
32 431
33 570
33 271
33 93
33 111
33 179
33 49
33 91
33 78
34 259
34 185
34 56
34 105
35 975
35 248
35 971
35 873
35 856
35 825
35 690
35 882
35 823
35 646
35 632
35 42
35 564
35 88
35 348
35 228
35 464
35 146
35 118
35 59
35 902
35 135
35 77
35 46
35 126
35 378
35 168
35 665
35 193
35 134
35 158
35 217
35 43
35 565
35 170
35 288
35 316
35 392
35 422
35 629
36 978
36 496
36 80
36 506
36 71
36 141
36 466
36 647
36 716
36 849
36 211
36 878
37 940
37 244
37 791
38 816
38 277
39 492
39 74
40 910
40 797
40 746
40 60
40 332
40 622
40 461
40 181
40 435
40 619
40 45
40 788
40 270
40 67
40 57
40 405
40 90
40 392
40 102
40 254
40 407
41 236
41 197
41 166
41 800
41 306
41 50
41 997
41 950
42 608
42 620
42 228
42 68
42 81
42 272
43 1001
43 822
43 125
43 785
43 247
43 561
43 671
43 650
43 573
43 555
43 500
43 171
43 316
43 72
43 164
43 491
43 309
43 161
43 217
43 335
43 954
43 128
43 63
43 326
43 471
43 97
43 94
43 320
43 436
43 340
43 285
43 343
43 56
43 410
43 265
43 720
43 189
43 484
44 760
44 535
45 750
45 732
45 674
45 593
45 98
45 149
45 246
45 362
45 275
45 56
45 389
45 102
45 421
45 197
45 458
46 662
46 126
47 836
47 655
47 243
47 425
47 75
47 62
47 166
47 518
48 51
49 898
49 673
49 641
49 461
49 344
49 703
49 355
49 297
49 685
49 279
49 245
49 523
49 131
49 70
49 429
49 52
49 78
49 111
49 106
49 167
49 138
49 155
50 195
50 929
50 129
50 309
50 173
50 503
51 696
51 145
51 223
51 56
52 59
53 416
53 967
53 854
53 142
53 88
53 134
53 250
53 482
53 248
53 625
53 162
53 526
53 193
53 603
53 759
55 162
56 173
56 923
56 105
56 307
56 171
56 223
56 855
56 275
56 214
56 915
56 421
56 644
57 707
57 949
57 663
57 742
58 691
58 584
58 251
58 219
58 162
58 539
58 61
58 167
58 601
58 253
58 79
58 136
58 730
58 266
58 150
58 76
58 192
58 205
58 300
58 985
58 231
59 827
59 781
59 69
59 123
59 825
59 187
59 72
59 304
59 145
59 348
59 416
60 622
60 107
60 815
60 597
60 90
61 468
61 569
61 231
61 782
61 366
61 210
61 86
61 76
62 425
62 334
62 302
62 134
62 124
62 85
62 879
62 112
63 665
63 398
63 247
63 932
63 100
63 97
64 705
64 423
64 222
64 235
64 178
64 84
64 262
65 895
65 558
65 84
66 988
66 844
66 376
66 549
66 143
66 71
66 160
66 290
66 240
66 269
66 163
66 308
66 313
66 367
67 930
67 129
67 239
68 847
68 837
68 841
68 581
68 550
68 285
68 81
69 191
69 284
69 203
69 116
69 683
71 716
71 710
71 849
71 747
71 80
71 712
71 509
71 156
71 749
71 546
71 319
71 605
71 224
71 466
71 698
72 958
72 164
72 410
73 874
73 781
73 83
73 378
73 140
73 504
73 243
73 615
73 876
73 325
73 676
73 311
73 718
74 492
74 745
74 368
75 413
75 236
75 132
75 246
75 129
75 836
75 121
76 411
76 480
76 834
76 613
76 538
76 234
76 113
76 539
76 136
78 91
79 721
79 601
79 417
79 702
79 412
79 370
79 773
79 599
79 338
79 136
79 585
79 150
79 727
79 176
79 96
79 561
79 213
79 207
79 190
79 219
79 256
79 314
80 945
80 560
80 324
80 169
80 141
80 751
80 595
80 292
81 735
81 837
81 642
81 272
81 178
81 87
82 293
82 283
82 225
82 175
83 897
83 243
83 149
83 121
83 125
84 705
85 393
85 334
85 321
85 233
85 112
86 713
86 858
86 468
86 395
86 342
86 210
86 315
87 581
88 975
88 782
88 603
88 478
88 237
88 480
88 142
88 812
88 162
89 447
89 809
90 107
90 597
91 497
91 424
91 151
91 486
91 278
92 191
92 966
92 381
92 493
92 285
92 222
93 996
93 927
93 199
93 179
93 498
93 415
93 490
93 583
93 616
94 606
94 974
94 648
95 256
96 830
96 552
96 266
96 268
96 190
96 103
96 198
97 650
98 144
98 299
99 901
99 862
99 926
99 201
99 209
99 158
99 652
99 922
99 371
99 252
99 363
99 215
99 121
99 701
101 553
102 947
102 458
102 810
102 750
102 571
102 405
102 332
102 229
106 700
107 815
108 887
108 224
108 477
108 875
108 472
109 959
109 637
109 559
109 537
109 113
109 575
111 635
113 144
113 468
113 786
113 757
113 624
113 559
113 116
113 805
113 591
113 127
113 204
113 234
113 328
113 136
113 513
113 310
113 339
113 534
114 894
114 438
114 372
114 377
114 247
114 197
114 337
115 602
115 530
115 411
115 401
115 349
115 194
115 678
115 982
116 336
116 871
116 534
116 736
116 281
116 203
118 1007
118 476
118 403
118 248
118 737
118 360
118 675
118 168
118 999
118 193
119 762
119 356
120 814
120 706
120 455
121 236
121 953
121 371
121 155
121 880
121 793
121 416
121 306
121 387
121 151
121 125
121 252
121 547
121 352
121 132
121 404
121 414
121 485
121 544
121 631
121 279
121 701
121 611
121 906
122 607
122 700
122 596
122 524
122 430
122 289
122 133
123 798
123 577
123 400
123 145
124 566
124 167
124 399
124 302
124 159
124 879
125 869
125 897
125 494
125 704
125 249
125 456
125 449
125 785
126 965
126 838
126 791
126 441
126 322
127 513
127 829
128 354
128 343
128 326
128 320
128 309
128 230
128 139
129 753
129 649
129 195
129 554
129 503
129 860
129 239
130 453
130 133
130 380
131 446
132 236
133 981
133 336
133 483
133 623
133 607
133 692
133 380
134 397
134 250
134 347
134 193
136 764
136 396
136 578
136 176
136 339
136 443
136 204
136 256
136 328
136 741
137 928
138 429
138 188
139 254
139 640
139 316
139 437
139 765
141 667
141 211
141 143
141 595
143 888
143 667
143 376
143 269
143 163
144 786
144 1002
144 451
144 938
144 299
144 501
144 305
144 768
144 391
144 780
144 519
144 342
144 180
144 615
145 723
145 556
145 400
145 187
145 682
145 787
145 696
145 514
145 202
146 419
146 288
146 360
148 450
149 592
149 389
150 262
150 943
150 549
150 893
150 370
151 205
151 278
151 793
151 280
151 375
151 341
151 731
151 796
151 779
151 994
152 267
152 924
152 666
154 976
154 850
154 189
156 224
156 533
157 857
157 339
157 203
157 330
157 213
157 817
157 292
157 843
157 341
157 351
157 839
158 687
158 201
158 433
158 937
158 209
158 170
159 952
159 566
162 482
162 584
162 480
162 242
162 237
163 240
164 172
164 386
164 291
164 917
166 807
166 804
166 173
166 312
166 800
166 579
166 306
166 249
167 852
167 641
167 226
167 241
167 399
167 828
167 627
167 569
168 291
169 331
169 324
170 1004
170 265
170 469
170 201
170 665
172 528
172 633
172 386
173 923
173 529
173 783
173 761
173 579
173 384
173 475
173 804
175 866
175 293
175 221
175 181
176 412
178 735
178 717
178 642
178 285
179 996
180 501
181 270
181 986
181 866
181 813
181 680
181 516
181 221
181 435
183 467
183 762
183 489
184 301
184 715
184 191
184 872
185 187
185 587
185 536
186 939
186 428
186 379
186 287
187 723
187 383
187 254
187 587
189 200
189 447
189 335
190 205
190 961
190 353
190 266
191 284
191 824
191 683
191 508
191 260
191 314
191 966
192 300
192 818
192 589
192 253
193 765
193 675
193 1007
193 565
193 526
193 476
193 264
194 842
194 602
194 420
194 409
194 505
194 795
194 678
194 301
195 972
195 929
195 935
195 554
197 950
197 392
197 385
197 452
198 268
199 510
199 490
199 333
199 481
200 447
200 365
200 298
200 290
201 900
201 433
201 632
201 215
202 556
203 1006
203 951
203 336
203 258
203 427
203 440
203 292
203 851
203 361
203 483
203 598
203 736
204 805
204 764
204 328
204 645
204 624
205 961
205 779
205 728
205 473
205 266
206 684
206 282
206 442
208 336
208 394
208 329
211 474
212 594
213 843
213 227
213 341
213 218
213 914
215 862
216 506
216 318
217 555
218 903
218 545
219 957
219 730
219 722
219 543
219 266
219 251
220 726
220 261
220 662
222 617
222 423
222 418
222 235
224 887
224 605
224 553
224 509
224 477
225 688
226 276
226 512
227 600
227 238
228 1009
228 629
230 320
230 758
230 264
231 782
231 569
232 267
236 626
236 487
236 630
236 734
236 590
236 484
236 997
236 246
236 826
236 953
239 582
239 312
240 465
240 298
240 434
243 518
244 791
245 877
246 948
246 732
246 344
246 487
247 720
247 567
247 377
247 562
247 894
247 870
247 337
248 971
248 759
248 445
249 456
253 589
253 300
253 366
253 439
254 640
254 383
256 601
256 586
256 942
256 396
256 303
257 444
258 284
258 913
258 598
262 943
262 612
262 549
263 885
263 463
263 397
263 323
264 388
265 739
265 502
265 469
265 459
265 436
265 267
265 402
266 390
266 353
266 552
266 651
266 300
266 473
266 957
267 924
267 459
267 766
267 688
267 402
268 830
268 659
268 296
270 986
274 962
274 384
275 521
275 362
276 763
276 920
276 699
276 531
276 512
276 286
276 628
276 719
279 544
279 327
280 748
281 984
281 733
282 333
282 868
282 290
282 980
282 382
282 442
284 913
284 824
284 709
285 550
285 381
285 717
285 340
286 365
286 643
289 507
289 430
290 886
290 382
290 365
291 917
292 839
292 672
292 483
292 628
292 440
292 310
292 560
295 358
295 681
297 898
298 998
298 434
300 772
300 1000
300 818
300 342
300 752
300 439
301 771
301 795
301 715
301 527
303 364
306 547
307 634
309 873
309 484
310 513
311 1005
311 676
311 520
311 448
311 729
311 378
312 582
314 508
316 902
316 521
316 437
317 454
317 342
320 354
320 758
323 463
324 835
324 628
324 656
327 523
327 344
328 575
328 741
328 840
328 645
328 443
328 578
329 925
329 660
329 797
332 861
332 746
333 980
333 496
333 481
334 558
334 670
336 981
336 851
336 692
336 580
336 871
337 567
337 853
339 545
339 351
339 708
340 657
341 994
341 497
342 865
342 776
342 772
342 395
342 752
342 593
342 454
342 432
342 519
342 495
342 669
342 468
344 948
347 349
350 867
356 955
358 681
359 754
360 620
360 403
360 744
361 969
361 808
361 802
361 598
361 614
361 427
361 725
361 426
361 889
361 369
363 901
363 568
365 643
369 426
371 845
372 511
372 821
372 892
372 567
374 926
375 904
375 793
375 899
377 562
377 511
378 718
378 520
378 448
378 856
380 977
382 886
384 769
384 962
384 689
384 649
384 654
384 761
384 475
385 936
385 792
386 633
392 831
392 576
392 564
392 452
392 619
392 541
392 422
392 438
395 495
398 928
398 870
398 714
398 488
399 828
399 418
399 677
399 891
401 982
401 530
401 411
406 733
409 698
409 420
410 958
411 834
416 967
416 906
417 543
418 693
418 907
418 621
418 677
420 505
424 486
427 808
427 725
431 478
433 632
434 998
434 465
438 831
438 979
440 724
442 740
443 610
444 460
445 806
445 604
445 509
447 809
448 760
449 574
449 522
451 572
451 542
451 1002
452 541
455 617
455 517
455 653
458 810
458 674
459 502
466 778
466 749
467 956
468 757
468 713
468 669
476 896
480 613
483 672
483 623
483 540
484 755
484 665
484 590
491 512
491 557
493 550
493 551
495 519
495 881
496 878
498 527
499 993
504 630
508 916
509 604
509 546
509 533
511 821
511 768
512 846
512 557
513 829
513 591
514 682
516 990
519 881
522 833
524 548
529 750
529 859
529 832
529 783
529 674
530 697
536 587
536 1008
537 959
542 572
542 563
543 722
545 708
548 658
549 893
549 844
550 618
550 551
551 767
551 679
551 638
551 618
554 860
556 707
557 573
558 883
558 670
560 945
560 933
560 921
561 822
561 671
561 585
562 743
563 803
566 794
566 756
566 952
567 853
569 627
575 840
575 637
578 610
581 621
584 784
587 1008
598 614
599 628
599 909
599 814
599 702
601 946
601 727
601 721
601 691
606 974
614 802
615 876
615 790
619 831
620 744
628 920
628 724
628 909
628 656
629 912
629 1009
629 775
630 826
632 900
632 882
638 884
638 679
643 719
644 777
646 668
651 728
652 937
656 835
661 934
662 694
662 726
665 819
665 755
665 932
665 711
674 832
675 823
679 919
680 944
680 813
685 995
685 811
693 891
694 973
705 883
706 794
706 941
710 734
711 819
715 872
719 763
719 991
720 743
730 985
733 984
736 951
741 784
745 915
746 861
749 778
750 931
750 863
750 859
763 991
766 848
768 780
772 1000
782 812
786 992
791 989
791 965
791 940
793 899
793 796
793 880
794 941
797 925
810 947
813 944
819 912
828 891
828 960
831 979
891 960
940 989
951 1006
962 983
1000 1003
